0	0	1.708395	0.000000
1	0	1.723840	0.000000
2	0	1.746004	-0.000000
3	0	1.773493	0.000000
4	0	1.804580	0.000000
5	0	1.837313	0.000000
6	0	1.869634	-0.000000
7	0	1.899513	-0.000000
8	0	1.925072	-0.000000
9	0	1.944706	-0.000000
10	0	1.957179	-0.000000
11	0	1.961710	0.000000
12	0	1.958013	-0.000000
13	0	1.946320	-0.000000
14	0	1.927366	0.000000
15	0	1.902343	0.000000
16	0	1.872822	0.000000
17	0	1.840658	-0.000000
18	0	1.807872	0.000000
19	0	1.776525	-0.000000
20	0	1.748586	-0.000000
21	0	1.725810	0.000000
22	0	1.709629	-0.000000
23	0	1.701059	0.000000
24	0	1.700639	0.000000

0	1	1.796721	0.000000
1	1	1.827126	0.000000
2	1	1.867254	-0.000000
3	1	1.914586	0.000000
4	1	1.966147	0.000000
5	1	2.018698	0.000000
6	1	2.068936	0.000000
7	1	2.113705	0.000000
8	1	2.150191	0.000000
9	1	2.176103	-0.000000
10	1	2.189811	0.000000
11	1	2.190456	-0.000000
12	1	2.177996	-0.000000
13	1	2.153214	-0.000000
14	1	2.117667	0.000000
15	1	2.073589	-0.000000
16	1	2.023749	0.000000
17	1	1.971280	0.000000
18	1	1.919477	0.000000
19	1	1.871596	0.000000
20	1	1.830646	0.000000
21	1	1.799199	-0.000000
22	1	1.779231	0.000000
23	1	1.771997	0.000000
24	1	1.777952	0.000000

0	2	1.879188	0.000000
1	2	1.927558	-0.000000
2	2	1.987530	-0.000000
3	2	2.055335	0.000000
4	2	2.126714	0.000000
5	2	2.197181	-0.000000
6	2	2.262309	-0.000000
7	2	2.318005	0.000000
8	2	2.360770	-0.000000
9	2	2.387917	0.000000
10	2	2.397739	0.000000
11	2	2.389621	-0.000000
12	2	2.364071	0.000000
13	2	2.322696	0.000000
14	2	2.268095	0.000000
15	2	2.203698	0.000000
16	2	2.133553	0.000000
17	2	2.062067	0.000000
18	2	1.993730	0.000000
19	2	1.932838	0.000000
20	2	1.883216	0.000000
21	2	1.847983	0.000000
22	2	1.829351	0.000000
23	2	1.828492	-0.000000
24	2	1.845460	0.000000

0	3	1.950615	0.000000
1	3	2.018827	-0.000000
2	3	2.099273	0.000000
3	3	2.186896	0.000000
4	3	2.276191	0.000000
5	3	2.361548	0.000000
6	3	2.437603	0.000000
7	3	2.499578	0.000000
8	3	2.543578	-0.000000
9	3	2.566838	0.000000
10	3	2.567898	0.000000
11	3	2.546690	-0.000000
12	3	2.504548	0.000000
13	3	2.444118	-0.000000
14	3	2.369198	0.000000
15	3	2.284496	0.000000
16	3	2.195334	0.000000
17	3	2.107314	0.000000
18	3	2.025966	0.000000
19	3	1.956403	0.000000
20	3	1.902994	0.000000
21	3	1.869097	0.000000
22	3	1.856840	-0.000000
23	3	1.866994	0.000000
24	3	1.898921	0.000000

0	4	2.006513	-0.000000
1	4	2.095199	0.000000
2	4	2.195462	0.000000
3	4	2.301001	0.000000
4	4	2.405187	-0.000000
5	4	2.501471	-0.000000
6	4	2.583805	0.000000
7	4	2.647014	0.000000
8	4	2.687128	0.000000
9	4	2.701626	0.000000
10	4	2.689596	0.000000
11	4	2.651795	0.000000
12	4	2.590598	-0.000000
13	4	2.509850	-0.000000
14	4	2.414625	0.000000
15	4	2.310905	0.000000
16	4	2.205210	0.000000
17	4	2.104178	0.000000
18	4	2.014159	0.000000
19	4	1.940809	-0.000000
20	4	1.888737	0.000000
21	4	1.861214	0.000000
22	4	1.859970	0.000000
23	4	1.885084	0.000000
24	4	1.934976	0.000000

0	5	2.043370	0.000000
1	5	2.151873	0.000000
2	5	2.270053	-0.000000
3	5	2.390482	-0.000000
4	5	2.505595	0.000000
5	5	2.608158	0.000000
6	5	2.691727	-0.000000
7	5	2.751050	0.000000
8	5	2.782401	-0.000000
9	5	2.783809	0.000000
10	5	2.755186	0.000000
11	5	2.698331	-0.000000
12	5	2.616815	-0.000000
13	5	2.515762	0.000000
14	5	2.401519	-0.000000
15	5	2.281267	0.000000
16	5	2.162559	-0.000000
17	5	2.052857	0.000000
18	5	1.959051	-0.000000
19	5	1.887037	0.000000
20	5	1.841340	-0.000000
21	5	1.824830	0.000000
22	5	1.838545	0.000000
23	5	1.881624	-0.000000
24	5	1.951360	0.000000

0	6	2.058870	0.000000
1	6	2.185290	0.000000
2	6	2.318359	-0.000000
3	6	2.449716	0.000000
4	6	2.571108	0.000000
5	6	2.674905	-0.000000
6	6	2.754588	0.000000
7	6	2.805148	0.000000
8	6	2.823410	0.000000
9	6	2.808225	-0.000000
10	6	2.760548	-0.000000
11	6	2.683374	-0.000000
12	6	2.581553	0.000000
13	6	2.461482	-0.000000
14	6	2.330706	-0.000000
15	6	2.197442	0.000000
16	6	2.070064	0.000000
17	6	1.956574	0.000000
18	6	1.864105	-0.000000
19	6	1.798466	-0.000000
20	6	1.763781	-0.000000
21	6	1.762231	0.000000
22	6	1.793912	-0.000000
23	6	1.856833	-0.000000
24	6	1.947042	-0.000000

0	7	2.052039	0.000000
1	7	2.193349	-0.000000
2	7	2.337346	0.000000
3	7	2.474981	-0.000000
4	7	2.597608	-0.000000
5	7	2.697519	0.000000
6	7	2.768439	-0.000000
7	7	2.805910	-0.000000
8	7	2.807578	-0.000000
9	7	2.773339	-0.000000
10	7	2.705344	-0.000000
11	7	2.607864	-0.000000
12	7	2.487026	0.000000
13	7	2.350421	-0.000000
14	7	2.206634	-0.000000
15	7	2.064699	0.000000
16	7	1.933534	-0.000000
17	7	1.821381	-0.000000
18	7	1.735286	0.000000
19	7	1.680660	-0.000000
20	7	1.660935	-0.000000
21	7	1.677350	-0.000000
22	7	1.728873	0.000000
23	7	1.812268	0.000000
24	7	1.922295	0.000000

0	8	2.023307	0.000000
1	8	2.175545	0.000000
2	8	2.325820	-0.000000
3	8	2.464690	-0.000000
4	8	2.583430	0.000000
5	8	2.674579	-0.000000
6	8	2.732409	-0.000000
7	8	2.753287	-0.000000
8	8	2.735901	-0.000000
9	8	2.681344	-0.000000
10	8	2.593042	-0.000000
11	8	2.476546	-0.000000
12	8	2.339174	-0.000000
13	8	2.189558	0.000000
14	8	2.037100	0.000000
15	8	1.891378	0.000000
16	8	1.761549	0.000000
17	8	1.655770	0.000000
18	8	1.580689	-0.000000
19	8	1.541022	-0.000000
20	8	1.539262	-0.000000
21	8	1.575520	0.000000
22	8	1.647517	0.000000
23	8	1.750730	-0.000000
24	8	1.878673	0.000000

0	9	1.974479	-0.000000
1	9	2.132995	-0.000000
2	9	2.284505	-0.000000
3	9	2.419489	-0.000000
4	9	2.529466	0.000000
5	9	2.607526	-0.000000
6	9	2.648763	-0.000000
7	9	2.650586	-0.000000
8	9	2.612882	-0.000000
9	9	2.538019	-0.000000
10	9	2.430700	-0.000000
11	9	2.297670	-0.000000
12	9	2.147287	-0.000000
13	9	1.989000	-0.000000
14	9	1.832755	-0.000000
15	9	1.688369	-0.000000
16	9	1.564915	-0.000000
17	9	1.470149	-0.000000
18	9	1.410027	-0.000000
19	9	1.388326	-0.000000
20	9	1.406409	-0.000000
21	9	1.463140	-0.000000
22	9	1.554955	-0.000000
23	9	1.676084	-0.000000
24	9	1.818917	-0.000000

0	10	1.908622	0.000000
1	10	2.068373	-0.000000
2	10	2.215997	0.000000
3	10	2.342219	0.000000
4	10	2.439106	0.000000
5	10	2.500573	0.000000
6	10	2.522755	0.000000
7	10	2.504261	0.000000
8	10	2.446251	0.000000
9	10	2.352370	0.000000
10	10	2.228518	0.000000
11	10	2.082477	0.000000
12	10	1.923422	0.000000
13	10	1.761349	0.000000
14	10	1.606440	0.000000
15	10	1.468429	0.000000
16	10	1.355988	0.000000
17	10	1.276181	0.000000
18	10	1.234024	0.000000
19	10	1.232166	0.000000
20	10	1.270722	0.000000
21	10	1.347271	0.000000
22	10	1.457003	0.000000
23	10	1.593022	0.000000
24	10	1.746782	0.000000

0	11	1.829876	-0.000000
1	11	1.985741	-0.000000
2	11	2.124602	-0.000000
3	11	2.237734	-0.000000
4	11	2.318028	-0.000000
5	11	2.360440	-0.000000
6	11	2.362304	-0.000000
7	11	2.323504	-0.000000
8	11	2.246477	-0.000000
9	11	2.136063	-0.000000
10	11	1.999200	-0.000000
11	11	1.844487	-0.000000
12	11	1.681646	-0.000000
13	11	1.520908	-0.000000
14	11	1.372374	-0.000000
15	11	1.245376	-0.000000
16	11	1.147894	-0.000000
17	11	1.086053	-0.000000
18	11	1.063739	-0.000000
19	11	1.082354	-0.000000
20	11	1.140728	-0.000000
21	11	1.235194	-0.000000
22	11	1.359815	-0.000000
23	11	1.506762	-0.000000
24	11	1.666801	-0.000000

0	12	1.743187	0.000000
1	12	1.890289	0.000000
2	12	2.016061	-0.000000
3	12	2.112600	-0.000000
4	12	2.173840	-0.000000
5	12	2.195933	0.000000
6	12	2.177492	-0.000000
7	12	2.119674	0.000000
8	12	2.026113	-0.000000
9	12	1.902688	-0.000000
10	12	1.757154	0.000000
11	12	1.598654	-0.000000
12	12	1.437149	0.000000
13	12	1.282787	0.000000
14	12	1.145266	0.000000
15	12	1.033227	0.000000
16	12	0.953710	0.000000
17	12	0.911712	0.000000
18	12	0.909872	0.000000
19	12	0.948304	0.000000
20	12	1.024595	0.000000
21	12	1.133950	0.000000
22	12	1.269499	0.000000
23	12	1.422724	0.000000
24	12	1.583998	-0.000000

0	13	1.654003	0.000000
1	13	1.788016	0.000000
2	13	1.897194	0.000000
3	13	1.974679	0.000000
4	13	2.015601	0.000000
5	13	2.017388	0.000000
6	13	1.979930	0.000000
7	13	1.905579	0.000000
8	13	1.799007	0.000000
9	13	1.666910	0.000000
10	13	1.517589	0.000000
11	13	1.360426	0.000000
12	13	1.205296	0.000000
13	13	1.061946	0.000000
14	13	0.939384	0.000000
15	13	0.845311	0.000000
16	13	0.785637	0.000000
17	13	0.764112	0.000000
18	13	0.782089	0.000000
19	13	0.838439	0.000000
20	13	0.929619	0.000000
21	13	1.049902	0.000000
22	13	1.191729	0.000000
23	13	1.346189	0.000000
24	13	1.503577	0.000000

0	14	1.567928	-0.000000
1	14	1.685347	-0.000000
2	14	1.775471	-0.000000
3	14	1.832637	-0.000000
4	14	1.853254	-0.000000
5	14	1.836024	-0.000000
6	14	1.782032	-0.000000
7	14	1.694670	-0.000000
8	14	1.579426	-0.000000
9	14	1.443543	-0.000000
10	14	1.295558	0.000000
11	14	1.144770	-0.000000
12	14	1.000653	-0.000000
13	14	0.872262	-0.000000
14	14	0.767666	-0.000000
15	14	0.693435	-0.000000
16	14	0.654235	-0.000000
17	14	0.652528	-0.000000
18	14	0.688422	-0.000000
19	14	0.759661	-0.000000
20	14	0.861769	-0.000000
21	14	0.988330	-0.000000
22	14	1.131392	-0.000000
23	14	1.281966	-0.000000
24	14	1.430591	-0.000000

0	15	1.490369	0.000000
1	15	1.588734	0.000000
2	15	1.658540	0.000000
3	15	1.695401	-0.000000
4	15	1.697000	0.000000
5	15	1.663237	-0.000000
6	15	1.596233	-0.000000
7	15	1.500200	0.000000
8	15	1.381170	-0.000000
9	15	1.246623	0.000000
10	15	1.105012	0.000000
11	15	0.965237	0.000000
12	15	0.836079	0.000000
13	15	0.725654	0.000000
14	15	0.640900	0.000000
15	15	0.587143	0.000000
16	15	0.567761	-0.000000
17	15	0.583970	-0.000000
18	15	0.634754	0.000000
19	15	0.716920	0.000000
20	15	0.825307	0.000000
21	15	0.953103	0.000000
22	15	1.092279	0.000000
23	15	1.234090	0.000000
24	15	1.369626	-0.000000

0	16	1.426201	-0.000000
1	16	1.504248	0.000000
2	16	1.553748	0.000000
3	16	1.571591	-0.000000
4	16	1.556657	0.000000
5	16	1.509883	-0.000000
6	16	1.434208	-0.000000
7	16	1.334388	-0.000000
8	16	1.216694	-0.000000
9	16	1.088521	0.000000
10	16	0.957924	-0.000000
11	16	0.833108	0.000000
12	16	0.721916	0.000000
13	16	0.631333	-0.000000
14	16	0.567053	0.000000
15	16	0.533114	0.000000
16	16	0.531648	-0.000000
17	16	0.562747	0.000000
18	16	0.624458	-0.000000
19	16	0.712903	0.000000
20	16	0.822525	0.000000
21	16	0.946435	0.000000
22	16	1.076848	-0.000000
23	16	1.205570	0.000000
24	16	1.324512	0.000000

0	17	1.379455	0.000000
1	17	1.437196	0.000000
2	17	1.467679	-0.000000
3	17	1.468989	-0.000000
4	17	1.441043	0.000000
5	17	1.385598	-0.000000
6	17	1.306136	0.000000
7	17	1.207652	0.000000
8	17	1.096333	0.000000
9	17	0.979174	-0.000000
10	17	0.863536	-0.000000
11	17	0.756685	-0.000000
12	17	0.665335	0.000000
13	17	0.595227	0.000000
14	17	0.550764	0.000000
15	17	0.534741	-0.000000
16	17	0.548165	0.000000
17	17	0.590192	0.000000
18	17	0.658182	-0.000000
19	17	0.747862	-0.000000
20	17	0.853597	0.000000
21	17	0.968744	-0.000000
22	17	1.086068	0.000000
23	17	1.198197	-0.000000
24	17	1.298084	0.000000

0	18	1.353069	0.000000
1	18	1.391793	0.000000
2	18	1.405742	-0.000000
3	18	1.394040	0.000000
4	18	1.357423	0.000000
5	18	1.298191	-0.000000
6	18	1.220066	0.000000
7	18	1.127957	0.000000
8	18	1.027651	-0.000000
9	18	0.925451	-0.000000
10	18	0.827778	-0.000000
11	18	0.740770	-0.000000
12	18	0.669894	0.000000
13	18	0.619603	0.000000
14	18	0.593057	0.000000
15	18	0.591924	-0.000000
16	18	0.616275	-0.000000
17	18	0.664581	0.000000
18	18	0.733805	0.000000
19	18	0.819599	0.000000
20	18	0.916571	-0.000000
21	18	1.018629	0.000000
22	18	1.119360	0.000000
23	18	1.212434	0.000000
24	18	1.292004	0.000000

0	19	1.348699	-0.000000
1	19	1.370890	-0.000000
2	19	1.371828	-0.000000
3	19	1.351455	-0.000000
4	19	1.311051	0.000000
5	19	1.253155	-0.000000
6	19	1.181405	-0.000000
7	19	1.100309	-0.000000
8	19	1.014962	-0.000000
9	19	0.930727	-0.000000
10	19	0.852897	0.000000
11	19	0.786363	-0.000000
12	19	0.735304	0.000000
13	19	0.702930	-0.000000
14	19	0.691274	0.000000
15	19	0.701068	-0.000000
16	19	0.731698	0.000000
17	19	0.781239	0.000000
18	19	0.846577	-0.000000
19	19	0.923608	-0.000000
20	19	1.007491	0.000000
21	19	1.092956	-0.000000
22	19	1.174632	0.000000
23	19	1.247388	-0.000000
24	19	1.306651	0.000000

0	20	1.366622	0.000000
1	20	1.375801	-0.000000
2	20	1.368068	-0.000000
3	20	1.343909	0.000000
4	20	1.304841	0.000000
5	20	1.253320	-0.000000
6	20	1.192582	0.000000
7	20	1.126445	-0.000000
8	20	1.059064	0.000000
9	20	0.994672	-0.000000
10	20	0.937316	0.000000
11	20	0.890599	-0.000000
12	20	0.857457	-0.000000
13	20	0.839973	0.000000
14	20	0.839244	-0.000000
15	20	0.855317	0.000000
16	20	0.887182	-0.000000
17	20	0.932836	0.000000
18	20	0.989411	-0.000000
19	20	1.053353	0.000000
20	20	1.120643	-0.000000
21	20	1.187053	0.000000
22	20	1.248411	0.000000
23	20	1.300861	0.000000
24	20	1.341108	0.000000

0	21	1.405711	-0.000000
1	21	1.406218	0.000000
2	21	1.394699	-0.000000
3	21	1.371875	0.000000
4	21	1.339182	0.000000
5	21	1.298674	-0.000000
6	21	1.252896	-0.000000
7	21	1.204724	-0.000000
8	21	1.157186	-0.000000
9	21	1.113267	0.000000
10	21	1.075729	0.000000
11	21	1.046929	-0.000000
12	21	1.028677	-0.000000
13	21	1.022120	0.000000
14	21	1.027669	0.000000
15	21	1.044977	0.000000
16	21	1.072956	0.000000
17	21	1.109847	-0.000000
18	21	1.153333	-0.000000
19	21	1.200682	-0.000000
20	21	1.248917	-0.000000
21	21	1.295009	-0.000000
22	21	1.336061	-0.000000
23	21	1.369494	-0.000000
24	21	1.393207	0.000000

0	22	1.463509	-0.000000
1	22	1.460230	-0.000000
2	22	1.450046	0.000000
3	22	1.433598	0.000000
4	22	1.411918	-0.000000
5	22	1.386369	-0.000000
6	22	1.358556	-0.000000
7	22	1.330227	-0.000000
8	22	1.303162	-0.000000
9	22	1.279062	-0.000000
10	22	1.259440	-0.000000
11	22	1.245529	-0.000000
12	22	1.238205	0.000000
13	22	1.237926	0.000000
14	22	1.244711	-0.000000
15	22	1.258133	0.000000
16	22	1.277348	-0.000000
17	22	1.301150	-0.000000
18	22	1.328043	-0.000000
19	22	1.356337	-0.000000
20	22	1.384254	-0.000000
21	22	1.410041	-0.000000
22	22	1.432076	-0.000000
23	22	1.448975	-0.000000
24	22	1.459677	0.000000

0	23	1.536385	-0.000000
1	23	1.534442	0.000000
2	23	1.530633	0.000000
3	23	1.525198	0.000000
4	23	1.518477	0.000000
5	23	1.510894	0.000000
6	23	1.502924	0.000000
7	23	1.495068	0.000000
8	23	1.487821	0.000000
9	23	1.481637	0.000000
10	23	1.476905	0.000000
11	23	1.473922	0.000000
12	23	1.472876	0.000000
13	23	1.473832	0.000000
14	23	1.476731	-0.000000
15	23	1.481390	0.000000
16	23	1.487516	0.000000
17	23	1.494725	0.000000
18	23	1.502563	0.000000
19	23	1.510539	0.000000
20	23	1.518150	0.000000
21	23	1.524920	0.000000
22	23	1.530421	0.000000
23	23	1.534309	0.000000
24	23	1.536340	0.000000

0	24	1.619760	0.000000
1	24	1.624192	-0.000000
2	24	1.631396	0.000000
3	24	1.640920	0.000000
4	24	1.652165	0.000000
5	24	1.664424	-0.000000
6	24	1.676928	-0.000000
7	24	1.688890	-0.000000
8	24	1.699559	-0.000000
9	24	1.708265	0.000000
10	24	1.714460	-0.000000
11	24	1.717756	-0.000000
12	24	1.717945	-0.000000
13	24	1.715015	0.000000
14	24	1.709151	-0.000000
15	24	1.700720	0.000000
16	24	1.690253	0.000000
17	24	1.678408	0.000000
18	24	1.665928	-0.000000
19	24	1.653598	-0.000000
20	24	1.642192	-0.000000
21	24	1.632428	-0.000000
22	24	1.624918	0.000000
23	24	1.620135	-0.000000
24	24	1.618379	-0.000000

